[input1]

 

7256615421875868430845106281042745066 82474748465461128763544824856044061733234623260582

8456172675078677354306446326630335 255637856264810414725880118047486477553826

38077057822357757505470720166712484776120663077 85158818267451227636616045266855

-846561883476553048386323123820858514612252554774 74034005454742717243676164707315234558717

-5572622513602223342445241300774802327674 6048445835720008774825417520265164430

-52416150137426438524602425232385032101 377123071828248875025638083234345228747538

8577528473236532603024137685613 3078474322281451575642750620676140173212236145032

-5761824527274152587103625120517421034088688575137 818550755338828872720281735242646342160

-7283403763005605165160773846307728002112776735 68687133315061343124472451232340

-772108005348145183877673632120042447 847564378830507173144707048010174331840

0 0



[output1]
598487531629798341384394314706848990456065673705295910247847807708141736280300712788412
2161717854862180303251891958301209109739809677367601591046917833772166911710
3242597247253396461676511307079362893925444017562486366381952574788950010412835
-62674367099080396974050380051365649294293678569079596405794542020204648691683537761664958
-33705705436436935730935973870260890493104903821450201643207309466060349435820
-19767339553236947917489168380990825612665867206308742068203573467862806154717338
26405701153496688754638606610052168968889648664058939871962420798689497487824616
-4716345818930048201547246930149371116606540602837877020836293086716621174483375370875920
-500276125256985453815267839123707523088476586000683430703703127632110031609900
-654411241942962583111062487749590488850899283538770924640473850570663612480