329547856366158660643382866595971607208628593269785961324482323859037654904511288005607158525
1439034466837096043495021091766172353798704275091240487176356227484782148114391653342155786111029333639934933089103069902903871237234030409413828480694668103155570804697
655877543224048966621271108317895824236136898467022355548457880615434403973523814981235169775640203030657798183859623559972035044104014333032195152
758783729506812289255675324383654311822226715037109439175413905766685308789869772433550416813426655363322560117304761648543405
9947304971810861712125998119035237629797715653212435514748384987357646672139663587600004798500898038987729173916631893745768
690464859460270711531899141599506400404579885551774972594234991969233155389780662951469005471849467254522549649983815441468787982570817570392479556885269350988794628999223028070336397633098470
7817979554509848536549116024470
332154044031507437374704124882811566305328880485506052585438261342303888925464830661511254
4340502411069796749040958633129682050358940329946643322870917215332
15304558510365163551782034229315461106575810906800873476479132641067888212286546541670926365181631295395441479983757860637227145597723470015137788919885
73907137760965870715209041224864759380829522776826591180551482620733869514424694822760530106388165282864979865443392493672865781264
1482534074749356104
72540394664370107981012132539743530507197313073615967192268
81655882397170841510594984358179096582861376615640062103880173161634173406
9082763452687623056887402711600715333833967616324423727626514312681088546546075263575340127
464297542715317095286491823111726733211791571648648389944628559697806414001145833236848576858908534729076494219157401703533926397347206251
82893114666560440020559815516473503130690994329391635284043046437664322311058196614419683303091552923971639293181422082026948800
82893114666560440020559815516473503130690994329391635284043046437664322311058196614419683303091552923971639293181422082026948800
0
0
